小车方向电机控制
前：$1,0,0,0,0,0,0,0,0#
后：$2,0,0,0,0,0,0,0,0#
左：$3,0,0,0,0,0,0,0,0#
右：$4,0,0,0,0,0,0,0,0#
左转：$0,1,0,0,0,0,0,0,0#
右转：$0,2,0,0,0,0,0,0,0#
停：$0,0,0,0,0,0,0,0,0#
摄像头电机方向控制
前：$0,0,0,0,3,0,0,0,0#
后：$0,0,0,0,4,0,0,0,0#
左：$0,0,0,0,6,0,0,0,0#
右：$0,0,0,0,7,0,0,0,0#
停：$0,0,0,0,8,0,0,0,0#
超声波电机控制
左：$0,0,0,0,1,0,0,0,0#
中：$0,0,0,0,0,0,0,0,1#
右：$0,0,0,0,2,0,0,0,0#
灯控制
开：$0,0,0,0,0,0,1,0,0#
关：$0,0,0,0,0,0,8,0,0#
红：$0,0,0,0,0,0,2,0,0#
绿：$0,0,0,0,0,0,3,0,0#
蓝：$0,0,0,0,0,0,4,0,0#
其他功能
灭火：$0,0,0,0,0,0,0,1,0#
鸣笛：$0,0,1,0,0,0,0,0,0#
加速：$0,0,0,1,0,0,0,0,0#
减速：$0,0,0,2,0,0,0,0,0#